%YAML:1.0
calibration_time: "07/08/15 11:45:51"
nframes: 10
image_width: 640
image_height: 480
board_width: 8
board_height: 6
square_size: 3.5999998450279236e-02
flags: 0
camera_matrix: !!opencv-matrix
   rows: 3
   cols: 3
   dt: d
   data: [ 5.4904523312428262e+02, 0., 3.1731049309095800e+02, 0.,
       5.4677765471469127e+02, 2.3946478477850306e+02, 0., 0., 1. ]
distortion_coefficients: !!opencv-matrix
   rows: 5
   cols: 1
   dt: d
   data: [ 6.8142604254491923e-02, -3.3222672584806323e-01,
       -2.1652383913948405e-03, 7.1880833138178203e-03,
       5.2228365792503884e-01 ]
avg_reprojection_error: 1.1704821354868105e+00
per_view_reprojection_errors: !!opencv-matrix
   rows: 10
   cols: 1
   dt: f
   data: [ 1.21250510e+00, 1.15662253e+00, 1.22952902e+00,
       8.02812815e-01, 1.34729075e+00, 1.15562725e+00, 1.18027818e+00,
       1.63216925e+00, 8.69829714e-01, 8.78513575e-01 ]
extrinsic_parameters: !!opencv-matrix
   rows: 10
   cols: 6
   dt: d
   data: [ -1.7617736597809847e-01, -7.5561375659693564e-02,
       2.7978948813632120e-02, -9.4508755723695451e-02,
       -5.3967332568042557e-02, 3.6064609943415515e-01,
       4.6555746311674112e-02, 3.2260357705715070e-01,
       -3.5415721078834547e-02, -9.3680888539621310e-02,
       -1.0765265534042208e-01, 3.7635238928787329e-01,
       -4.4690105773460470e-02, 1.7207115065363277e-01,
       2.0941242880599134e-01, -3.4256821265745738e-02,
       -7.0671923435750697e-02, 4.3800748846780957e-01,
       -2.9271579245880597e-01, -5.5238973133489001e-02,
       1.5555102356970385e-02, -1.0881372196788636e-01,
       -5.9997344767354896e-02, 3.6711681562842563e-01,
       -3.0375749254095069e-01, -4.9046386062556618e-01,
       -4.7685746489719301e-02, -1.5339577170578753e-01,
       -8.3005212280241131e-02, 3.3140703031013419e-01,
       -3.0924779807131347e-01, -4.1884789005331646e-01,
       -2.1353030271417262e-02, -1.2644011081115425e-01,
       -9.5066758415541130e-02, 3.3165254413042822e-01,
       -1.5344549401360802e-01, -5.8953733870202682e-02,
       9.7073036564585949e-02, -4.0929810395318116e-02,
       -8.9769129084688121e-02, 3.6835178904204835e-01,
       1.1035440652996251e-02, 1.7770889409925553e-01,
       1.0152420266943496e-01, -6.4472936513462378e-02,
       -8.8321329470905818e-02, 4.2149583834544918e-01,
       -7.0896033474201217e-02, -2.1999581014697250e-01,
       -3.4136867676053756e-01, -1.8288812170011359e-01,
       -7.5270828633022022e-02, 3.2844894942569752e-01,
       -1.2856316599117726e-01, -2.3429316454224916e-01,
       -2.6053708757625593e-01, -1.6447557956330616e-01,
       -6.8891446060829753e-02, 3.3793090281577076e-01 ]
